44544
47108
67601
69146
70683
87588
82982
89133
47662
105529
76350
90718
53342
39009
80993
94819
96354
50279
75895
76407
95362
96387
48784
77462
95902
96928
79530
61613
81590
66744
50368
51904
74443
104675
100586
98026
70389
103676
59654
48903
52494
76055
73496
45849
103729
41267
103745
105285
88904
87885
104284
67942
93033
85367
100730
59787
104844
63374
63378
43923
64915
58781
85920
36769
43938
59299
83386
46524
52669
79293
84925
48576
99263
57796
91597
47075
67563
80881
66034
71160
