27136
19462
25608
16905
28170
38921
41481
21005
39951
41487
23577
17435
30747
26653
24608
35362
20519
47655
18988
21037
20527
17456
18481
46130
36915
21563
37436
23613
19014
42567
39496
4171
31820
23119
38481
19027
44627
28245
22614
37461
84
2649
21085
4704
33381
25703
30311
48231
40042
34413
27250
35956
25205
31867
8830
39560
20105
38029
19598
45711
7311
28305
27282
24212
11413
7330
50854
22695
25255
29357
25264
36528
37566
28352
42177
44737
18628
16069
39108
20681
41164
16079
32988
15584
40672
19682
30440
43243
26862
36592
35569
30965
20731
17662
28414
17153
25860
11527
34567
15118
13583
30990
14099
43798
22811
31006
21792
41761
12581
14118
24359
31013
34601
37163
16174
22318
5935
22324
20278
12089
22841
19773
40258
38211
21828
10568
16713
27977
32073
18764
34636
24398
29007
31569
24402
21843
30034
29013
30550
36696
9565
24926
38750
21865
34154
36206
26480
26993
32625
10612
14712
18297
34680
29563
37754
45444
19335
26504
22921
30091
21389
14223
17301
24981
42902
16794
22429
18338
44969
38315
39340
16818
14771
21426
23477
18363
15294
38846
40896
36804
32714
35275
26573
33234
18901
25046
15831
46551
30170
35290
42971
19937
1507
29675
33776
25586
23544
30716
17919
