44544
15364
47108
52741
10256
67601
50709
69146
70683
55836
36383
50210
87588
82982
45610
57387
85034
89133
41006
47662
84529
105529
76350
92233
49229
103503
97362
53342
90718
39009
80993
94819
96354
100455
50279
97898
64620
11891
25204
75895
10360
76407
98935
57980
95362
96387
70277
77959
71160
48784
28309
100502
77462
34456
87189
65690
68764
104094
104095
14495
91297
95902
96928
9888
79530
61613
83118
82096
77491
58037
81590
66744
30908
50368
51904
65730
45763
75970
3269
101062
58053
2760
74443
12493
46798
67799
74967
42206
104675
32996
50403
100586
83179
98026
31981
28398
24821
20214
70389
103674
103676
27389
59654
48903
68872
60169
2315
52494
96014
50451
58644
76055
73496
45849
95004
90911
57124
103729
87857
41267
70965
48442
48955
103745
105285
42822
48455
88391
72521
88904
87885
30037
4949
104284
14684
78174
89439
20320
93025
26979
67942
93033
84842
45931
85367
100730
63873
62851
22917
12678
85897
59787
104844
58252
63374
106384
63378
43923
64915
106393
83866
58781
52126
85920
36769
43938
59299
72101
38823
8107
72621
73646
64954
83386
46524
52157
52669
79293
48576
84925
99263
57796
29132
59341
91597
40400
11729
97247
103906
47075
13285
69096
22507
67563
80881
63474
66034
67575
43000